-3.22071e-09
-4.4983e-09
0.515556
0
0
0
6.05383e-09
8.45527e-09
-0.881667
0
0
0
3.6963e-09
5.16254e-09
0.0861555
0
0
0
-1.13212e-09
-1.58121e-09
-0.713927
0
0
0
-8.26717e-10
-1.15466e-09
0.108999
0
0
0
-8.9513e-09
-1.25021e-08
0.124592
0
0
0
1.71114e-09
2.38992e-09
1.46019
0
0
0
2.33477e-11
3.26092e-11
-0.0137617
0
0
0
1.35613e-10
1.89407e-10
-0.0265647
0
0
0
-2.1353e-08
-2.98234e-08
2.80361
0
0
0
1.82272e-09
2.54576e-09
-0.119682
0
0
0
-1.93196e-10
-2.69832e-10
-0.204254
0
0
0
9.32624e-10
1.30258e-09
-0.504779
0
0
0
4.64654e-09
6.48974e-09
-0.91646
0
0
0
7.19488e-11
1.00489e-10
-0.0431882
0
0
0
-6.77188e-10
-9.45815e-10
0.0846598
0
0
0
-1.93154e-07
-2.69775e-07
30.5858
0
0
0
4.89438e-08
6.83589e-08
-4.2629
0
0
0
9.29845e-08
1.2987e-07
-20.383
0
0
0
-5.34663e-08
-7.46754e-08
8.30775
0
0
0
6.68078e-08
9.33092e-08
-10.4559
0
0
0
1.37659e-08
1.92265e-08
-3.33141
0
0
0
1.66773e-08
2.32928e-08
-3.21963
0
0
0
1.42923e-08
1.99618e-08
-2.16176
0
0
0
2.22737e-08
3.11092e-08
-3.34427
0
0
0
