0 6.3267240141009581e-02 7.2158763250847871e-02 3.9140942287134918e-02 2.0000000000000001e-01 2.5000000000000000e-01 5.0000000000000003e-02
3.906250e-03 6.2493238957933989e-02 7.1191423582987259e-02 3.8945655315601013e-02 1.9626437263896046e-01 2.4524766000203863e-01 4.9980681947507377e-02
7.812500e-03 6.1733835826304193e-02 7.0242653681236208e-02 3.8750448801324534e-02 1.9266101504467784e-01 2.4065873221074943e-01 4.9990096765578265e-02
1.171875e-02 6.0988344509009619e-02 6.9311602663184702e-02 3.8555173219754851e-02 1.8868065041911819e-01 2.3560341023115008e-01 4.9903568154200412e-02
1.562500e-02 6.0257969867458752e-02 6.8399770816459635e-02 3.8360152029081093e-02 1.8520938269428966e-01 2.3117819184555100e-01 4.9930981214015888e-02
1.953125e-02 5.9543651091647651e-02 6.7508489375460085e-02 3.8165906419341353e-02 1.8212857953155304e-01 2.2727403548173353e-01 5.0098914004711129e-02
2.343750e-02 5.8841276873176654e-02 6.6632343756825446e-02 3.7970864845811171e-02 1.7853449461810325e-01 2.2270381198343586e-01 5.0050842036285778e-02
2.734375e-02 5.8151521007478474e-02 6.5772183186973393e-02 3.7775629827215211e-02 1.7468006336245212e-01 2.1777595892028448e-01 4.9924123668647021e-02
3.125000e-02 5.7476267351432186e-02 6.4930551426962663e-02 3.7580762423876563e-02 1.7107865120309129e-01 2.1317677355135931e-01 4.9853099762826633e-02
3.515625e-02 5.6807008084454505e-02 6.4096414641609534e-02 3.7383886309695830e-02 1.6647173182545527e-01 2.0725325888549315e-01 4.9457767131389732e-02
3.906250e-02 5.6162270830556332e-02 6.3293864837922570e-02 3.7190461417238356e-02 1.6359904140698014e-01 2.0360551513610614e-01 4.9560894498014263e-02
4.296875e-02 5.5529070882883065e-02 6.2505992726875043e-02 3.6996782072249733e-02 1.6058544636833202e-01 1.9976556704742715e-01 4.9594027540082783e-02
4.687500e-02 5.4907754814224261e-02 6.1733281413800634e-02 3.6803062957332676e-02 1.5752614492537129e-01 1.9585854832666094e-01 4.9584628346487664e-02
5.078125e-02 5.4298386710984560e-02 6.0975841789935085e-02 3.6609437110511470e-02 1.5447467605246074e-01 1.9195518199568734e-01 4.9548172238668059e-02
5.468750e-02 5.3700871149485789e-02 6.0233573722591013e-02 3.6415991608112493e-02 1.5146138382369873e-01 1.8809567305106106e-01 4.9493355902017463e-02
5.859375e-02 5.3115022234084999e-02 5.9506257093684151e-02 3.6222787751976078e-02 1.4850346311773177e-01 1.8430284984622242e-01 4.9425042228440075e-02
6.250000e-02 5.2540603049211890e-02 5.8793603978957415e-02 3.6029872470822878e-02 1.4561052099095562e-01 1.8058950089343356e-01 4.9345933905316774e-02
6.640625e-02 5.1977348620841267e-02 5.8095289010554871e-02 3.5837284725091970e-02 1.4278770131405327e-01 1.7696252072114865e-01 4.9257525435913045e-02
7.031250e-02 5.1424979552188520e-02 5.7410967347009033e-02 3.5645059071027815e-02 1.4003746606796361e-01 1.7342527998881346e-01 4.9160643851462543e-02
7.421875e-02 5.0883210304662536e-02 5.6740285517669325e-02 3.5453227613638540e-02 1.3736062748623751e-01 1.6997899831580099e-01 4.9055754734130104e-02
7.812500e-02 5.0351754349372765e-02 5.6082888110614987e-02 3.5261821050003805e-02 1.3475695791669204e-01 1.6662355242763216e-01 4.8943134413963481e-02
8.203125e-02 4.9830327449906037e-02 5.5438421991648751e-02 3.5070869202664862e-02 1.3222555891564686e-01 1.6335796177679704e-01 4.8822965980703424e-02
8.593750e-02 4.9306100293902880e-02 5.4793373785542228e-02 3.4877567166897036e-02 1.2890205687952769e-01 1.5927197269272092e-01 4.8501496953893337e-02
8.984375e-02 4.8806854039610006e-02 5.4176841216713519e-02 3.4688276401281685e-02 1.2671432745276215e-01 1.5639710721718472e-01 4.8412146250584667e-02
9.375000e-02 4.8316119035732408e-02 5.3571478692409788e-02 3.4499370451503433e-02 1.2454612140681086e-01 1.5355489524888266e-01 4.8304970306075293e-02
9.765625e-02 4.7833799769617283e-02 5.2977137819637796e-02 3.4310913552816506e-02 1.2240677621069171e-01 1.5075541915999421e-01 4.8182621048897437e-02
1.015625e-01 4.7359769818258533e-02 5.2393637111896062e-02 3.4122960762364846e-02 1.2030290434507626e-01 1.4800568554465621e-01 4.8047172253401646e-02
1.054688e-01 4.6893881158843777e-02 5.1820772447222552e-02 3.3935559933394650e-02 1.1823904768901969e-01 1.4531038740267821e-01 4.7900258632271327e-02
1.093750e-01 4.6435971231462321e-02 5.1258324923049846e-02 3.3748753214937033e-02 1.1621818053160925e-01 1.4267248312970771e-01 4.7743181260619105e-02
1.132812e-01 4.5985868274984236e-02 5.0706066733893919e-02 3.3562578191791752e-02 1.1424209575198595e-01 1.4009363619192591e-01 4.7576987496176948e-02
1.171875e-01 4.5543395337918964e-02 5.0163765547860575e-02 3.3377068751814405e-02 1.1231170096327973e-01 1.3757454889092796e-01 4.7402531570025240e-02
1.210938e-01 4.5108373273746581e-02 4.9631187743813560e-02 3.3192255746468592e-02 1.1042724534204942e-01 1.3511521561228709e-01 4.7220520518889558e-02
1.250000e-01 4.4680622958896313e-02 4.9108100784323941e-02 3.3008167494675077e-02 1.0858849313412217e-01 1.3271511484667875e-01 4.7031548995327875e-02
1.289062e-01 4.4259966916553477e-02 4.8594274933647028e-02 3.2824830167928726e-02 1.0679485615972063e-01 1.3037335463283445e-01 4.6836125635556683e-02
1.328125e-01 4.3846230487115993e-02 4.8089484479944961e-02 3.2642268085509102e-02 1.0504549480550149e-01 1.2808878255047523e-01 4.6634693017524841e-02
1.367188e-01 4.3439242653516799e-02 4.7593508582959514e-02 3.2460503941670896e-02 1.0333939480413931e-01 1.2586006872077107e-01 4.6427642752361102e-02
1.406250e-01 4.3038836604543884e-02 4.7106131839439666e-02 3.2279558981429979e-02 1.0167542541751198e-01 1.2368576824655148e-01 4.6215326881619986e-02
1.445312e-01 4.2644850099995010e-02 4.6627144636640805e-02 3.2099453137554974e-02 1.0005238334310065e-01 1.2156436798806736e-01 4.5998066471636179e-02
1.484375e-01 4.2257125686662865e-02 4.6156343347472699e-02 3.1920205138329549e-02 9.8469025666019130e-02 1.1949432140389932e-01 4.5776158082872262e-02
1.523438e-01 4.1875510802731920e-02 4.5693530408110673e-02 3.1741832593332464e-02 9.6924094412232903e-02 1.1747407430070585e-01 4.5549878629931657e-02
1.562500e-01 4.1499857799388036e-02 4.5238514309154682e-02 3.1564352062721457e-02 9.5416334668871908e-02 1.1550208366194975e-01 4.5319489024510988e-02
1.601562e-01 4.1130023901685346e-02 4.4791109523988251e-02 3.1387779114165244e-02 9.3944507784071235e-02 1.1357683121308505e-01 4.5085236899628435e-02
1.640625e-01 4.0765871125520270e-02 4.4351136392313875e-02 3.1212128370549742e-02 9.2507400809998142e-02 1.1169683299010752e-01 4.4847358641916593e-02
1.679688e-01 4.0407266163561877e-02 4.3918420972499081e-02 3.1037413550809231e-02 9.1103833084376779e-02 1.0986064588044812e-01 4.4606080904250424e-02
1.718750e-01 4.0054080249912707e-02 4.3492794873047663e-02 3.0863647505645159e-02 8.9732660639310430e-02 1.0806687187769551e-01 4.4361621729442302e-02
1.757812e-01 3.9706189010907104e-02 4.3074095070968613e-02 3.0690842249449787e-02 8.8392778967215091e-02 1.0631416061773051e-01 4.4114191384077010e-02
1.796875e-01 3.9363472307633880e-02 4.2662163722869489e-02 3.0519008989413413e-02 8.7083124551228769e-02 1.0460121063076006e-01 4.3863992977444977e-02
1.835938e-01 3.9025814074371702e-02 4.2256847973111848e-02 3.0348158152539075e-02 8.5802675473135831e-02 1.0292676964177799e-01 4.3611222922166445e-02
1.875000e-01 3.8693102156050013e-02 4.1857999762226712e-02 3.0178299411095708e-02 8.4550451339138744e-02 1.0128963417378908e-01 4.3356071279123304e-02
1.914062e-01 3.8365228147024866e-02 4.1465475637917422e-02 3.0009441706896529e-02 8.3325512707769611e-02 9.9688648648107059e-02 4.3098722018688432e-02
1.953125e-01 3.8042087232826406e-02 4.1079136570311814e-02 2.9841593274680441e-02 8.2126960161011966e-02 9.8122704129935914e-02 4.2839353222170085e-02
1.992188e-01 3.7723578036051204e-02 4.0698847772618417e-02 2.9674761664793384e-02 8.0953933126370767e-02 9.6590736831987614e-02 4.2578137241268146e-02
2.031250e-01 3.7409602467205975e-02 4.0324478527958008e-02 2.9508953765306965e-02 7.9805608531920480e-02 9.5091726461628473e-02 4.2315240828701431e-02
2.070312e-01 3.7100065581026395e-02 3.9955902022849508e-02 2.9344175823666697e-02 7.8681199356529466e-02 9.3624694476065987e-02 4.2050825249664317e-02
2.109375e-01 3.6794875438586436e-02 3.9592995187609399e-02 2.9180433467930665e-02 7.7579953122167825e-02 9.2188702293940467e-02 4.1785046381130897e-02
2.148438e-01 3.6493942975350364e-02 3.9235638543763204e-02 2.9017731727635686e-02 7.6501150363420672e-02 9.0782849499271442e-02 4.1518054804039611e-02
2.187500e-01 3.6197181875205035e-02 3.8883716058442194e-02 2.8856075054311040e-02 7.5444103100251000e-02 8.9406272064154316e-02 4.1249995891910335e-02
2.226562e-01 3.5904508450418988e-02 3.8537115005655438e-02 2.8695467341649010e-02 7.4408153333074240e-02 8.8058140609275234e-02 4.0981009898336342e-02
2.265625e-01 3.5615841527413830e-02 3.8195725834258891e-02 2.8535911945333208e-02 7.3392671573841189e-02 8.6737658715686700e-02 4.0711232044978271e-02
2.304688e-01 3.5331102338187037e-02 3.7859442042404240e-02 2.8377411702520075e-02 7.2397055422715947e-02 8.5444061296992377e-02 4.0440792611082479e-02
2.343750e-01 3.5050214417194650e-02 3.7528160058218372e-02 2.8219968950967327e-02 7.1420728196794764e-02 8.4176613037812334e-02 4.0169817025111236e-02
2.382812e-01 3.4773103503481881e-02 3.7201779126447017e-02 2.8063585547799207e-02 7.0463137614918958e-02 8.2934606901920310e-02 3.9898425958753404e-02
2.421875e-01 3.4499697447837908e-02 3.6880201200787333e-02 2.7908262887900204e-02 6.9523754540827432e-02 8.1717362711573843e-02 3.9626735423365943e-02
2.460938e-01 3.4229926124744410e-02 3.6563330841630638e-02 2.7754001921927257e-02 6.8602071785531349e-02 8.0524225798163707e-02 3.9354856868740011e-02
2.500000e-01 3.3963721348886956e-02 3.6251075118937784e-02 2.7600803173931994e-02 6.7697602968781537e-02 7.9354565723282006e-02 3.9082897283982884e-02
2.539062e-01 3.3701016795999454e-02 3.5943343519975843e-02 2.7448666758585184e-02 6.6809881438753618e-02 7.8207775068562080e-02 3.8810959300244280e-02
2.578125e-01 3.3441747927817511e-02 3.5640047861650481e-02 2.7297592397996832e-02 6.5938459248538583e-02 7.7083268292118368e-02 3.8539141294976299e-02
2.617188e-01 3.3185851920921272e-02 3.5341102207180182e-02 2.7147579438126488e-02 6.5082906187648393e-02 7.5980480649055604e-02 3.8267537497399653e-02
2.656250e-01 3.2933267599257680e-02 3.5046422786865927e-02 2.6998626864779905e-02 6.4242808866487158e-02 7.4898867173286907e-02 3.7996238094845480e-02
2.695312e-01 3.2683935370139090e-02 3.4755927922723168e-02 2.6850733319188934e-02 6.3417769851581859e-02 7.3837901717770146e-02 3.7725329339649748e-02
2.734375e-01 3.2437797163524247e-02 3.4469537956753928e-02 2.6703897113173461e-02 6.2607406849269145e-02 7.2797076050212600e-02 3.7454893656289165e-02
2.773438e-01 3.2194796374397483e-02 3.4187175182647508e-02 2.6558116243884624e-02 6.1811351935500324e-02 7.1775899001295204e-02 3.7185009748466613e-02
2.812500e-01 3.1954877808069965e-02 3.3908763780710643e-02 2.6413388408130529e-02 6.1029250829430809e-02 7.0773895662507080e-02 3.6915752705874584e-02
2.851562e-01 3.1717987628236757e-02 3.3634229755838817e-02 2.6269711016285953e-02 6.0260762208489173e-02 6.9790606630748361e-02 3.6647194110386229e-02
2.890625e-01 3.1484073307632345e-02 3.3363500878351521e-02 2.6127081205788372e-02 5.9505557062679390e-02 6.8825587296956453e-02 3.6379402141446339e-02
2.929688e-01 3.1253083581134863e-02 3.3096506627524898e-02 2.5985495854224609e-02 5.8763318085936600e-02 6.7878407176112390e-02 3.6112441680457012e-02
2.968750e-01 3.1024968401179225e-02 3.2833178137664398e-02 2.5844951592011861e-02 5.8033739102439218e-02 6.6948649276101252e-02 3.5846374413974334e-02
3.007812e-01 3.0799678895346200e-02 3.2573448146571246e-02 2.5705444814678180e-02 5.7316524525865657e-02 6.6035909503023724e-02 3.5581258935552071e-02
3.046875e-01 3.0577167326002502e-02 3.2317250946264212e-02 2.5566971694747916e-02 5.6611388849676321e-02 6.5139796100676009e-02 3.5317150846089218e-02
3.085938e-01 3.0357387051874338e-02 3.2064522335827933e-02 2.5429528193238484e-02 5.5918056166593594e-02 6.4259929122043064e-02 3.5054102852555703e-02
3.125000e-01 3.0140292491443853e-02 3.1815199576266308e-02 2.5293110070774793e-02 5.5236259715545542e-02 6.3395939930768710e-02 3.4792164864987901e-02
3.164062e-01 2.9925839088064315e-02 3.1569221347248023e-02 2.5157712898328168e-02 5.4565741454431188e-02 6.2547470730688753e-02 3.4531384091661836e-02
3.203125e-01 2.9713983276696457e-02 3.1326527705637826e-02 2.5023332067587417e-02 5.3906251657154756e-02 6.1714174121626893e-02 3.4271805132364996e-02
3.242188e-01 2.9504682452173657e-02 3.1087060045714539e-02 2.4889962800969150e-02 5.3257548533463206e-02 6.0895712679764680e-02 3.4013470069704003e-02
3.281250e-01 2.9297894938910003e-02 3.0850761060982928e-02 2.4757600161275456e-02 5.2619397870205996e-02 6.0091758561004266e-02 3.3756418558393932e-02
3.320312e-01 2.9093579961969953e-02 3.0617574707492264e-02 2.4626239061006985e-02 5.1991572692715773e-02 5.9301993125842674e-02 3.3500687912489169e-02
3.359375e-01 2.8891697619423461e-02 3.0387446168580509e-02 2.4495874271338876e-02 5.1373852945086833e-02 5.8526106584373704e-02 3.3246313190524734e-02
3.398438e-01 2.8692208855914902e-02 3.0160321820968339e-02 2.4366500430768885e-02 5.0766025188200073e-02 5.7763797660123635e-02 3.2993327278545266e-02
3.437500e-01 2.8495075437378791e-02 2.9936149202130866e-02 2.4238112053444616e-02 5.0167882314414179e-02 5.7014773271512824e-02 3.2741760971009309e-02
3.476562e-01 2.8300259926839048e-02 2.9714876978881741e-02 2.4110703537179447e-02 4.9579223277907654e-02 5.6278748229817287e-02 3.2491643049561418e-02
3.515625e-01 2.8107725661232579e-02 2.9496454917106191e-02 2.3984269171164713e-02 4.8999852839719971e-02 5.5555444952577950e-02 3.2243000359673438e-02
3.554688e-01 2.7917436729201665e-02 2.9280833852585109e-02 2.3858803143386436e-02 4.8429581326596971e-02 5.4844593191479322e-02 3.1995857885160899e-02
3.593750e-01 2.7729357949802583e-02 2.9067965662855320e-02 2.3734299547755595e-02 4.7868224402803639e-02 5.4145929773782728e-02 3.1750238820586349e-02
3.632812e-01 2.7543454852081782e-02 2.8857803240054818e-02 2.3610752390959243e-02 4.7315602854117622e-02 5.3459198356464642e-02 3.1506164641566449e-02
3.671875e-01 2.7359693655472968e-02 2.8650300464704924e-02 2.3488155599041195e-02 4.6771542383266702e-02 5.2784149192266656e-02 3.1263655173002641e-02
3.710938e-01 2.7178041250972361e-02 2.8445412180384093e-02 2.3366503023720293e-02 4.6235873416120329e-02 5.2120538906919429e-02 3.1022728655260713e-02
3.750000e-01 2.6998465183050744e-02 2.8243094169251515e-02 2.3245788448454006e-02 4.5708430917987472e-02 5.1468130286852876e-02 3.0783401808325738e-02
3.789062e-01 2.6820933632264666e-02 2.8043303128380267e-02 2.3126005594255299e-02 4.5189054219414215e-02 5.0826692076752084e-02 3.0545689893963557e-02
3.828125e-01 2.6645415398530142e-02 2.7845996646863179e-02 2.3007148125270716e-02 4.4677586850913519e-02 5.0195998786362536e-02 3.0309606775920855e-02
3.867188e-01 2.6471879885025862e-02 2.7651133183656199e-02 2.2889209654126878e-02 4.4173876386094102e-02 4.9575830505990508e-02 3.0075164978198947e-02
3.906250e-01 2.6300297082693026e-02 2.7458672046126176e-02 2.2772183747053143e-02 4.3677774292689403e-02 4.8965972730179344e-02 2.9842375741437686e-02
3.945312e-01 2.6130637555302823e-02 2.7268573369272492e-02 2.2656063928787582e-02 4.3189135791019941e-02 4.8366216189081844e-02 2.9611249077447145e-02
3.984375e-01 2.5962872425062945e-02 2.7080798095592849e-02 2.2540843687273628e-02 4.2707819719449834e-02 4.7776356687078109e-02 2.9381793821926766e-02
4.023438e-01 2.5796973358736437e-02 2.6895307955566015e-02 2.2426516478154218e-02 4.2233688406428181e-02 4.7196194948222199e-02 2.9154017685411551e-02
4.062500e-01 2.5632912554248481e-02 2.6712065448725911e-02 2.2313075729070091e-02 4.1766607548729948e-02 4.6625536468126373e-02 2.8927927302486313e-02
4.101562e-01 2.5470662727757033e-02 2.6531033825301798e-02 2.2200514843769552e-02 4.1306446095535979e-02 4.6064191371919944e-02 2.8703528279309408e-02
4.140625e-01 2.5310197101165555e-02 2.6352177068402528e-02 2.2088827206035586e-02 4.0853076138014255e-02 4.5511974277944421e-02 2.8480825239487532e-02
4.179688e-01 2.5151489390056760e-02 2.6175459876721895e-02 2.1978006183436934e-02 4.0406372804085967e-02 4.4968704166867636e-02 2.8259821868343488e-02
4.218750e-01 2.4994513792027835e-02 2.6000847647746034e-02 2.1868045130909348e-02 3.9966214158079237e-02 4.4434204255923031e-02 2.8040520955619441e-02
4.257812e-01 2.4839244975408608e-02 2.5828306461441620e-02 2.1758937394173099e-02 3.9532481104992107e-02 4.3908301877997657e-02 2.7822924436656762e-02
4.296875e-01 2.4685658068344975e-02 2.5657803064407941e-02 2.1650676312992397e-02 3.9105057299103886e-02 4.3390828365312412e-02 2.7607033432094991e-02
4.335938e-01 2.4533728648231338e-02 2.5489304854474506e-02 2.1543255224282715e-02 3.8683829056690162e-02 4.2881618937454041e-02 2.7392848286131248e-02
4.375000e-01 2.4383432731476251e-02 2.5322779865728038e-02 2.1436667465071228e-02 3.8268685272611701e-02 4.2380512593534113e-02 2.7180368603380939e-02
4.414062e-01 2.4234746763586848e-02 2.5158196753952779e-02 2.1330906375316091e-02 3.7859517340562046e-02 4.1887352008265467e-02 2.6969593284381033e-02
4.453125e-01 2.4087647609557842e-02 2.4995524782469712e-02 2.1225965300589573e-02 3.7456219076771442e-02 4.1401983431759139e-02 2.6760520559775750e-02
4.492188e-01 2.3942112544552141e-02 2.4834733808359918e-02 2.1121837594630044e-02 3.7058686646977937e-02 4.0924256592857908e-02 2.6553148023224612e-02
4.531250e-01 2.3798119244860690e-02 2.4675794269059297e-02 2.1018516621768072e-02 3.6666818496487119e-02 4.0454024605834846e-02 2.6347472663071730e-02
4.570312e-01 2.3655645779129639e-02 2.4518677169311005e-02 2.0915995759230956e-02 3.6280515283153708e-02 3.9991143880294733e-02 2.6143490892814703e-02
4.609375e-01 2.3514670599844162e-02 2.4363354068464217e-02 2.0814268399330614e-02 3.5899679813128423e-02 3.9535474034126869e-02 2.5941198580411298e-02
4.648438e-01 2.3375172535057630e-02 2.4209797068106886e-02 2.0713327951539198e-02 3.5524216979221798e-02 3.9086877809368190e-02 2.5740591076460238e-02
4.687500e-01 2.3237130780357069e-02 2.4057978800021963e-02 2.0613167844456881e-02 3.5154033701747675e-02 3.8645220990842416e-02 2.5541663241292971e-02
4.726562e-01 2.3100524891054932e-02 2.3907872414455942e-02 2.0513781527675568e-02 3.4789038871715791e-02 3.8210372327450441e-02 2.5344409471011253e-02
4.765625e-01 2.2965334774598285e-02 2.3759451568690148e-02 2.0415162473543240e-02 3.4429143296250887e-02 3.7782203455994007e-02 2.5148823722506083e-02
4.804688e-01 2.2831540683187209e-02 2.3612690415904584e-02 2.0317304178832346e-02 3.4074259646124483e-02 3.7360588827422068e-02 2.4954899537490766e-02
4.843750e-01 2.2699123206594091e-02 2.3467563594325582e-02 2.0220200166316180e-02 3.3724302405290153e-02 3.6945405635395286e-02 2.4762630065582179e-02
4.882812e-01 2.2568063265176335e-02 2.3324046216647819e-02 2.0123843986256967e-02 3.3379187822321590e-02 3.6536533747070755e-02 2.4572008086461906e-02
4.921875e-01 2.2438342103075225e-02 2.3182113859722749e-02 2.0028229217808998e-02 3.3038833863657392e-02 3.6133855636013887e-02 2.4383026031148745e-02
4.960938e-01 2.2309941281594036e-02 2.3041742554505022e-02 1.9933349470340599e-02 3.2703160168563089e-02 3.5737256317150558e-02 2.4195676002413319e-02
5.000000e-01 2.2182842672748768e-02 2.2902908776249134e-02 1.9839198384677730e-02 3.2372088005725129e-02 3.5346623283676500e-02 2.4009949794364310e-02
5.039062e-01 2.2057028452985586e-02 2.2765589434948864e-02 1.9745769634272679e-02 3.2045540231397850e-02 3.4961846445846392e-02 2.3825838911235700e-02
5.078125e-01 2.1932481097058570e-02 2.2629761866012212e-02 1.9653056926301173e-02 3.1723441249028116e-02 3.4582818071568593e-02 2.3643334585402721e-02
5.117188e-01 2.1809183372062686e-02 2.2495403821164921e-02 1.9561054002690096e-02 3.1405716970286469e-02 3.4209432728735931e-02 2.3462427794653878e-02
5.156250e-01 2.1687118331616094e-02 2.2362493459576315e-02 1.9469754641079591e-02 3.1092294777439192e-02 3.3841587229226443e-02 2.3283109278745922e-02
5.195312e-01 2.1566269310187160e-02 2.2231009339200185e-02 1.9379152655721606e-02 3.0783103486997244e-02 3.3479180574511151e-02 2.3105369555267517e-02
5.234375e-01 2.1446619917560750e-02 2.2100930408325573e-02 1.9289241898317801e-02 3.0478073314583860e-02 3.3122113902809995e-02 2.2929198934835738e-02
5.273438e-01 2.1328154033439895e-02 2.1972235997330843e-02 1.9200016258799451e-02 3.0177135840964590e-02 3.2770290437738873e-02 2.2754587535650940e-02
5.312500e-01 2.1210855802177585e-02 2.1844905810635556e-02 1.9111469666051671e-02 2.9880223979186687e-02 3.2423615438394733e-02 2.2581525297432486e-02
5.351562e-01 2.1094709627634982e-02 2.1718919918844538e-02 1.9023596088584331e-02 2.9587271942778725e-02 3.2081996150827262e-02 2.2410001994758431e-02
5.390625e-01 2.0979700168162026e-02 2.1594258751079003e-02 1.8936389535151983e-02 2.9298215214963026e-02 3.1745341760849109e-02 2.2240007249830985e-02
5.429688e-01 2.0865812331696047e-02 2.1470903087489404e-02 1.8849844055325145e-02 2.9012990518836459e-02 3.1413563348138114e-02 2.2071530544689612e-02
5.468750e-01 2.0753031270975351e-02 2.1348834051945140e-02 1.8763953740014744e-02 2.8731535788478361e-02 3.1086573841587844e-02 2.1904561232891438e-02
5.507812e-01 2.0641342378863791e-02 2.1228033104896217e-02 1.8678712721952123e-02 2.8453790140944523e-02 3.0764287975863926e-02 2.1739088550679936e-02
5.546875e-01 2.0530731283783011e-02 2.1108482036402490e-02 1.8594115176126115e-02 2.8179693849111249e-02 3.0446622249126878e-02 2.1575101627660419e-02
5.585938e-01 2.0421183845249321e-02 2.0990162959325692e-02 1.8510155320179696e-02 2.7909188315333112e-02 3.0133494881882310e-02 2.1412589497001318e-02
5.625000e-01 2.0312686149511722e-02 2.0873058302680075e-02 1.8426827414767488e-02 2.7642216045880887e-02 2.9824825776922553e-02 2.1251541105179308e-02
5.664062e-01 2.0205224505288600e-02 2.0757150805137646e-02 1.8344125763875951e-02 2.7378720626128034e-02 2.9520536480324367e-02 2.1091945321285485e-02
5.703125e-01 2.0098785439599677e-02 2.0642423508683443e-02 1.8262044715108325e-02 2.7118646696455626e-02 2.9220550143469311e-02 2.0933790945909549e-02
5.742188e-01 1.9993355693690720e-02 2.0528859752417378e-02 1.8180578659935470e-02 2.6861939928846779e-02 2.8924791486054688e-02 2.0777066719618324e-02
5.781250e-01 1.9888922219048751e-02 2.0416443166498738e-02 1.8099722033914446e-02 2.6608547004144008e-02 2.8633186760064270e-02 2.0621761331043993e-02
5.820312e-01 1.9785472173504272e-02 2.0305157666229586e-02 1.8019469316876091e-02 2.6358415589943382e-02 2.8345663714669268e-02 2.0467863424597426e-02
5.859375e-01 1.9682992917419137e-02 2.0194987446273332e-02 1.7939815033083395e-02 2.6111494319101255e-02 2.8062151562031262e-02 2.0315361607821249e-02
5.898438e-01 1.9581472009956906e-02 2.0085916975005363e-02 1.7860753751361695e-02 2.5867732768830507e-02 2.7782580943979791e-02 2.0164244458396440e-02
5.937500e-01 1.9480897205433917e-02 1.9977930988992115e-02 1.7782280085202166e-02 2.5627081440364002e-02 2.7506883899538738e-02 2.0014500530816388e-02
5.976562e-01 1.9381256449748623e-02 1.9871014487595304e-02 1.7704388692839863e-02 2.5389491739164639e-02 2.7234993833275763e-02 1.9866118362741231e-02
6.015625e-01 1.9282537876887277e-02 1.9765152727698337e-02 1.7627074277307652e-02 2.5154915955662032e-02 2.6966845484451343e-02 1.9719086481045384e-02
6.054688e-01 1.9184729805503783e-02 1.9660331218551659e-02 1.7550331586466867e-02 2.4923307246496596e-02 2.6702374896943593e-02 1.9573393407570073e-02
6.093750e-01 1.9087820735571887e-02 1.9556535716734037e-02 1.7474155413016342e-02 2.4694619616253601e-02 2.6441519389926421e-02 1.9429027664593080e-02
6.132812e-01 1.8991799345107835e-02 1.9453752221227041e-02 1.7398540594480386e-02 2.4468807899669435e-02 2.6184217529280015e-02 1.9285977780026536e-02
6.171875e-01 1.8896654486961595e-02 1.9351966968599837e-02 1.7323482013177093e-02 2.4245827744294176e-02 2.5930409099711907e-02 1.9144232292354013e-02
6.210938e-01 1.8802375185674937e-02 1.9251166428301453e-02 1.7248974596167747e-02 2.4025635593594632e-02 2.5680035077569229e-02 1.9003779755317234e-02
6.250000e-01 1.8708950634404684e-02 1.9151337298057760e-02 1.7175013315188555e-02 2.3808188670482990e-02 2.5433037604322462e-02 1.8864608742362621e-02
6.289062e-01 1.8616370191909488e-02 1.9052466499371198e-02 1.7101593186565282e-02 2.3593444961257166e-02 2.5189359960701953e-02 1.8726707850857238e-02
6.328125e-01 1.8524623379598645e-02 1.8954541173119895e-02 1.7028709271111976e-02 2.3381363199938828e-02 2.4948946541468928e-02 1.8590065706083857e-02
6.367188e-01 1.8433699878641154e-02 1.8857548675254177e-02 1.6956356674014454e-02 2.3171902852996744e-02 2.4711742830804021e-02 1.8454670965023644e-02
6.406250e-01 1.8343589527133886e-02 1.8761476572588320e-02 1.6884530544699426e-02 2.2965024104442299e-02 2.4477695378295868e-02 1.8320512319935804e-02
6.445312e-01 1.8254282317327217e-02 1.8666312638684488e-02 1.6813226076690085e-02 2.2760687841286389e-02 2.4246751775513622e-02 1.8187578501741967e-02
6.484375e-01 1.8165768392906751e-02 1.8572044849827541e-02 1.6742438507448613e-02 2.2558855639345246e-02 2.4018860633147492e-02 1.8055858283223744e-02
6.523438e-01 1.8078038046329816e-02 1.8478661381087731e-02 1.6672163118206896e-02 2.2359489749385252e-02 2.3793971558702290e-02 1.7925340482041079e-02
6.562500e-01 1.7991081716215506e-02 1.8386150602469592e-02 1.6602395233785480e-02 2.2162553083595996e-02 2.3572035134728612e-02 1.7796013963578692e-02
6.601562e-01 1.7904889984786898e-02 1.8294501075144895e-02 1.6533130222401916e-02 2.1968009202381372e-02 2.3353002897577822e-02 1.7667867643628217e-02
6.640625e-01 1.7819453575364186e-02 1.8203701547767414e-02 1.6464363495468873e-02 2.1775822301459732e-02 2.3136827316666470e-02 1.7540890490912408e-02
6.679688e-01 1.7734763349907794e-02 1.8113740952867920e-02 1.6396090507382641e-02 2.1585957199263595e-02 2.2923461774237097e-02 1.7415071529458377e-02
6.718750e-01 1.7650810306610015e-02 1.8024608403327185e-02 1.6328306755302741e-02 2.1398379324630144e-02 2.2712860545601999e-02 1.7290399840826347e-02
6.757812e-01 1.7567585577534087e-02 1.7936293188925190e-02 1.6261007778923101e-02 2.1213054704774120e-02 2.2504978779857288e-02 1.7166864566199612e-02
6.796875e-01 1.7485080426299995e-02 1.7848784772964952e-02 1.6194189160235226e-02 2.1029949953535094e-02 2.2299772481055431e-02 1.7044454908341965e-02
6.835938e-01 1.7403286245815341e-02 1.7762072788968672e-02 1.6127846523284022e-02 2.0849032259891171e-02 2.2097198489823534e-02 1.6923160133428369e-02
6.875000e-01 1.7322194556050770e-02 1.7676147037445335e-02 1.6061975533916768e-02 2.0670269376731755e-02 2.1897214465416544e-02 1.6802969572753911e-02
6.914062e-01 1.7241797001858777e-02 1.7590997482727074e-02 1.5996571899525559e-02 2.0493629609882148e-02 2.1699778868193770e-02 1.6683872624326551e-02
6.953125e-01 1.7162085350834740e-02 1.7506614249873549e-02 1.5931631368783835e-02 2.0319081807372949e-02 2.1504850942507640e-02 1.6565858754348753e-02
6.992188e-01 1.7083051491219543e-02 1.7422987621642187e-02 1.5867149731377175e-02 2.0146595348947693e-02 2.1312390699994646e-02 1.6448917498592737e-02
7.031250e-01 1.7004687429842655e-02 1.7340108035522966e-02 1.5803122817729155e-02 1.9976140135802189e-02 2.1122358903257751e-02 1.6333038463673909e-02
7.070312e-01 1.6926985290104970e-02 1.7257966080836223e-02 1.5739546498722130e-02 1.9807686580549443e-02 2.0934717049930263e-02 1.6218211328227185e-02
7.109375e-01 1.6849937310000208e-02 1.7176552495891961e-02 1.5676416685413908e-02 1.9641205597404066e-02 2.0749427357111744e-02 1.6104425843990376e-02
7.148438e-01 1.6773535840174408e-02 1.7095858165209192e-02 1.5613729328750148e-02 1.9476668592580494e-02 2.0566452746166336e-02 1.5991671836798615e-02
7.187500e-01 1.6697773342022541e-02 1.7015874116794096e-02 1.5551480419273088e-02 1.9314047454899317e-02 2.0385756827874260e-02 1.5879939207494184e-02
7.226562e-01 1.6622642385821174e-02 1.6936591519475377e-02 1.5489665986827007e-02 1.9153314546596568e-02 2.0207303887927831e-02 1.5769217932755028e-02
7.265625e-01 1.6548135648896983e-02 1.6858001680295675e-02 1.5428282100260352e-02 1.8994442694330309e-02 2.0031058872763078e-02 1.5659498065846166e-02
7.304688e-01 1.6474245913829771e-02 1.6780096041957692e-02 1.5367324867125375e-02 1.8837405180380094e-02 1.9856987375718584e-02 1.5550769737297037e-02
7.343750e-01 1.6400966066689605e-02 1.6702866180323704e-02 1.5306790433375036e-02 1.8682175734033871e-02 1.9685055623513532e-02 1.5443023155508455e-02
7.382812e-01 1.6328289095307199e-02 1.6626303801967359e-02 1.5246674983057682e-02 1.8528728523158056e-02 1.9515230463036739e-02 1.5336248607292314e-02
7.421875e-01 1.6256208087576926e-02 1.6550400741776460e-02 1.5186974738009939e-02 1.8377038145945778e-02 1.9347479348439067e-02 1.5230436458347121e-02
7.460938e-01 1.6184716229791618e-02 1.6475148960605517e-02 1.5127685957547656e-02 1.8227079622839468e-02 1.9181770328521690e-02 1.5125577153672408e-02
7.500000e-01 1.6113806805008728e-02 1.6400540542977071e-02 1.5068804938155383e-02 1.8078828388622889e-02 1.9018072034412744e-02 1.5021661217924850e-02
7.539062e-01 1.6043473191446944e-02 1.6326567694830679e-02 1.5010328013174715e-02 1.7932260284678918e-02 1.8856353667525489e-02 1.4918679255718856e-02
7.578125e-01 1.5973708860912768e-02 1.6253222741318137e-02 1.4952251552491346e-02 1.7787351551408884e-02 1.8696584987790487e-02 1.4816621951874220e-02
7.617188e-01 1.5904507377256436e-02 1.6180498124644487e-02 1.4894571962221399e-02 1.7644078820809594e-02 1.8538736302155894e-02 1.4715480071613534e-02
7.656250e-01 1.5835862394856421e-02 1.6108386401953192e-02 1.4837285684397137e-02 1.7502419109204297e-02 1.8382778453348271e-02 1.4615244460711505e-02
7.695312e-01 1.5767767657132205e-02 1.6036880243254774e-02 1.4780389196651920e-02 1.7362349810123932e-02 1.8228682808888463e-02 1.4515906045598844e-02
7.734375e-01 1.5700216995084393e-02 1.5965972429397891e-02 1.4723879011905160e-02 1.7223848687334977e-02 1.8076421250355565e-02 1.4417455833422662e-02
7.773438e-01 1.5633204325861915e-02 1.5895655850081899e-02 1.4667751678046891e-02 1.7086893868010794e-02 1.7925966162893322e-02 1.4319884912065792e-02
7.812500e-01 1.5566723651355543e-02 1.5825923501909894e-02 1.4612003777622437e-02 1.6951463836042572e-02 1.7777290424952942e-02 1.4223184450126755e-02
7.851562e-01 1.5500769056817356e-02 1.5756768486481398e-02 1.4556631927517258e-02 1.6817537425487278e-02 1.7630367398266462e-02 1.4127345696862872e-02
7.890625e-01 1.5435334709505429e-02 1.5688184008523700e-02 1.4501632778641986e-02 1.6685093814148781e-02 1.7485170918045294e-02 1.4032359982097705e-02
7.929688e-01 1.5370414857353396e-02 1.5620163374061212e-02 1.4447003015617957e-02 1.6554112517289731e-02 1.7341675283398163e-02 1.3938218716095414e-02
7.968750e-01 1.5306003827664363e-02 1.5552699988621676e-02 1.4392739356463317e-02 1.6424573381470537e-02 1.7199855247963389e-02 1.3844913389403054e-02
8.007812e-01 1.5242096025828603e-02 1.5485787355478590e-02 1.4338838552279768e-02 1.6296456578513210e-02 1.7059686010750343e-02 1.3752435572663081e-02
8.046875e-01 1.5178685934064545e-02 1.5419419073929110e-02 1.4285297386940156e-02 1.6169742599586676e-02 1.6921143207184634e-02 1.3660776916397279e-02
8.085938e-01 1.5115768110182753e-02 1.5353588837606364e-02 1.4232112676776704e-02 1.6044412249411201e-02 1.6784202900352777e-02 1.3569929150763767e-02
8.125000e-01 1.5053337186372187e-02 1.5288290432825790e-02 1.4179281270270731e-02 1.5920446640579053e-02 1.6648841572440811e-02 1.3479884085288564e-02
8.164062e-01 1.4991387868008504e-02 1.5223517736964360e-02 1.4126800047743027e-02 1.5797827187988837e-02 1.6515036116362895e-02 1.3390633608573116e-02
8.203125e-01 1.4929914932483888e-02 1.5159264716872249e-02 1.4074665921045552e-02 1.5676535603390988e-02 1.6382763827574698e-02 1.3302169687979233e-02
8.242188e-01 1.4868913228057922e-02 1.5095525427316131e-02 1.4022875833254506e-02 1.5556553890042025e-02 1.6252002396067718e-02 1.3214484369292354e-02
8.281250e-01 1.4808377672729130e-02 1.5032294009453308e-02 1.3971426758364656e-02 1.5437864337464927e-02 1.6122729898539814e-02 1.3127569776364973e-02
8.320312e-01 1.4748303253126916e-02 1.4969564689336204e-02 1.3920315700985078e-02 1.5320449516313650e-02 1.5994924790737962e-02 1.3041418110740857e-02
8.359375e-01 1.4688685023423123e-02 1.4907331776446375e-02 1.3869539696036508e-02 1.5204292273339078e-02 1.5868565899968923e-02 1.2956021651261551e-02
8.398438e-01 1.4629518104263306e-02 1.4845589662257448e-02 1.3819095808450059e-02 1.5089375726454591e-02 1.5743632417774125e-02 1.2871372753655986e-02
8.437500e-01 1.4570797681716955e-02 1.4784332818826369e-02 1.3768981132867921e-02 1.4975683259898821e-02 1.5620103892764700e-02 1.2787463850114604e-02
8.476562e-01 1.4512519006246409e-02 1.4723555797412391e-02 1.3719192793345322e-02 1.4863198519493482e-02 1.5497960223612663e-02 1.2704287448848477e-02
8.515625e-01 1.4454677391694223e-02 1.4663253227122993e-02 1.3669727943054584e-02 1.4751905407994478e-02 1.5377181652195086e-02 1.2621836133634929e-02
8.554688e-01 1.4397268214288416e-02 1.4603419813586501e-02 1.3620583763990828e-02 1.4641788080533858e-02 1.5257748756887013e-02 1.2540102563350062e-02
8.593750e-01 1.4340286911665364e-02 1.4544050337650393e-02 1.3571757466679523e-02 1.4532830940151103e-02 1.5139642446000200e-02 1.2459079471489510e-02
8.632812e-01 1.4283728981910056e-02 1.4485139654105151e-02 1.3523246289885976e-02 1.4425018633411424e-02 1.5022843951363682e-02 1.2378759665677898e-02
8.671875e-01 1.4227589982613194e-02 1.4426682690432771e-02 1.3475047500326744e-02 1.4318336046109610e-02 1.4907334822043412e-02 1.2299136027168039e-02
8.710938e-01 1.4171865529944932e-02 1.4368674445579675e-02 1.3427158392383025e-02 1.4212768299057163e-02 1.4793096918197180e-02 1.2220201510330472e-02
8.750000e-01 1.4116551297745049e-02 1.4311109988753191e-02 1.3379576287816036e-02 1.4108300743951340e-02 1.4680112405061969e-02 1.2141949142134182e-02
8.789062e-01 1.4061643016628846e-02 1.4253984458241480e-02 1.3332298535484456e-02 1.4004918959324153e-02 1.4568363747070653e-02 1.2064372021619170e-02
8.828125e-01 1.4007136473108958e-02 1.4197293060255996e-02 1.3285322511063954e-02 1.3902608746569676e-02 1.4457833702094726e-02 1.1987463319361461e-02
8.867188e-01 1.3953027508732386e-02 1.4141031067796354e-02 1.3238645616768768e-02 1.3801356126047971e-02 1.4348505315810436e-02 1.1911216276931357e-02
8.906250e-01 1.3899312019232675e-02 1.4085193819536868e-02 1.3192265281075524e-02 1.3701147333264118e-02 1.4240361916185381e-02 1.1835624206345308e-02
8.945312e-01 1.3845985953696838e-02 1.4029776718734404e-02 1.3146178958449091e-02 1.3601968815120739e-02 1.4133387108082587e-02 1.1760680489512230e-02
8.984375e-01 1.3793045313746760e-02 1.3974775232157163e-02 1.3100384129070613e-02 1.3503807226242307e-02 1.4027564767979613e-02 1.1686378577674562e-02
9.023438e-01 1.3740486152734896e-02 1.3920184889033764e-02 1.3054878298567864e-02 1.3406649425370051e-02 1.3922879038799718e-02 1.1612711990844923e-02
9.062500e-01 1.3688304574953821e-02 1.3866001280022418e-02 1.3009658997747640e-02 1.3310482471825707e-02 1.3819314324852899e-02 1.1539674317238532e-02
9.101562e-01 1.3636496734859562e-02 1.3812220056199512e-02 1.2964723782330542e-02 1.3215293622042795e-02 1.3716855286883730e-02 1.1467259212701923e-02
9.140625e-01 1.3585058836308230e-02 1.3758836928067477e-02 1.2920070232687790e-02 1.3121070326164075e-02 1.3615486837224130e-02 1.1395460400138882e-02
9.179688e-01 1.3533987131805947e-02 1.3705847664581333e-02 1.2875695953580544e-02 1.3027800224703715e-02 1.3515194135048094e-02 1.1324271668933173e-02
9.218750e-01 1.3483277921771616e-02 1.3653248092193508e-02 1.2831598573901253e-02 1.2935471145272773e-02 1.3415962581726457e-02 1.1253686874369461e-02
9.257812e-01 1.3432927553812282e-02 1.3601034093916671e-02 1.2787775746417379e-02 1.2844071099366992e-02 1.3317777816279229e-02 1.1183699937051908e-02
9.296875e-01 1.3382932422011143e-02 1.3549201608404265e-02 1.2744225147517446e-02 1.2753588279215156e-02 1.3220625710923176e-02 1.1114304842321487e-02
9.335938e-01 1.3333288966227531e-02 1.3497746629047918e-02 1.2700944476959195e-02 1.2664011054687264e-02 1.3124492366712679e-02 1.1045495639672120e-02
9.375000e-01 1.3283993671408928e-02 1.3446665203092137e-02 1.2657931457620210e-02 1.2575327970260808e-02 1.3029364109271552e-02 1.0977266442165854e-02
9.414062e-01 1.3235043066914833e-02 1.3395953430765106e-02 1.2615183835250732e-02 1.2487527742044445e-02 1.2935227484613912e-02 1.0909611425847704e-02
9.453125e-01 1.3186433725851942e-02 1.3345607464425868e-02 1.2572699378228738e-02 1.2400599254857413e-02 1.2842069255051847e-02 1.0842524829160125e-02
9.492188e-01 1.3138162264420815e-02 1.3295623507727262e-02 1.2530475877317388e-02 1.2314531559363967e-02 1.2749876395188245e-02 1.0776000952357836e-02
9.531250e-01 1.3090225341273510e-02 1.3245997814794382e-02 1.2488511145424697e-02 1.2229313869261483e-02 1.2658636087992442e-02 1.0710034156922682e-02
9.570312e-01 1.3042619656882177e-02 1.3196726689418120e-02 1.2446803017365534e-02 1.2144935558521121e-02 1.2568335720957252e-02 1.0644618864979510e-02
9.609375e-01 1.2995341952918221e-02 1.3147806484263672e-02 1.2405349349625783e-02 1.2061386158680187e-02 1.2478962882335095e-02 1.0579749558712650e-02
9.648438e-01 1.2948389011642129e-02 1.3099233600093517e-02 1.2364148020129006e-02 1.1978655356184892e-02 1.2390505357451856e-02 1.0515420779783667e-02
9.687500e-01 1.2901757655303365e-02 1.3051004485004680e-02 1.2323196928005152e-02 1.1896732989782648e-02 1.2302951125096408e-02 1.0451627128750453e-02
9.726562e-01 1.2855444745550500e-02 1.3003115633679955e-02 1.2282493993361633e-02 1.1815609047962900e-02 1.2216288353984252e-02 1.0388363264487886e-02
9.765625e-01 1.2809447182851213e-02 1.2955563586652820e-02 1.2242037157056700e-02 1.1735273666445410e-02 1.2130505399293605e-02 1.0325623903610266e-02
9.804688e-01 1.2763761905921977e-02 1.2908344929585647e-02 1.2201824380474990e-02 1.1655717125715150e-02 1.2045590799272246e-02 1.0263403819895649e-02
9.843750e-01 1.2718385891167302e-02 1.2861456292561141e-02 1.2161853645305348e-02 1.1576929848602776e-02 1.1961533271913563e-02 1.0201697843712457e-02
9.882812e-01 1.2673316152128416e-02 1.2814894349386615e-02 1.2122122953320890e-02 1.1498902397909901e-02 1.1878321711700316e-02 1.0140500861448291e-02
9.921875e-01 1.2628549738940986e-02 1.2768655816910805e-02 1.2082630326161303e-02 1.1421625474078073e-02 1.1795945186414540e-02 1.0079807814941265e-02
9.960938e-01 1.2584083737802005e-02 1.2722737454353022e-02 1.2043373805117360e-02 1.1345089912900756e-02 1.1714392934012056e-02 1.0019613700913935e-02
1.000000e+00 1.2539915270445422e-02 1.2677136062644458e-02 1.2004351450917536e-02 1.1269286683277412e-02 1.1633654359560389e-02 9.9599135704100342e-03
